1621396319.017684221 -0.2388456166 0.0002480306721 -0.03957226872 -9.654714052e-05 -0.008676033717 5.869388054e-05 0.9999623561
1621396319.200745821 -0.9903662801 -0.01295625791 -0.1672432572 -0.00149423903 -0.04796359736 0.002307581901 0.9988453012
1621396319.407450199 -1.714009166 -0.01778346114 -0.3394331038 0.001871875758 -0.08539805884 0.004110828332 0.9963366744
1621396319.605250835 -2.418520927 -0.03785518184 -0.5561952591 0.003494825403 -0.1199182963 0.004238458623 0.9927685651
1621396319.810865641 -3.101269484 -0.05151196942 -0.8422377706 0.0002026294887 -0.1517259409 0.001911321671 0.9884207326
1621396320.004184484 -3.78271246 -0.04038624838 -1.131684422 -1.473298846e-05 -0.1780904844 -4.862261222e-05 0.9840141141
1621396320.203776121 -4.443267345 -0.06656993926 -1.448079228 0.001857021209 -0.2031511434 -0.002866568816 0.9791414337
1621396320.408770323 -5.09528017 -0.06620824337 -1.811074972 -0.0002060136839 -0.2257290218 -0.002182041227 0.9741876642
1621396320.604979992 -5.727635384 -0.07472370565 -2.178973198 0.002104816299 -0.248371156 -0.001454359859 0.9686615629
1621396320.806645870 -6.333644867 -0.07185076177 -2.585449696 0.002360158336 -0.2702439826 -0.002312451332 0.9627862027
1621396321.002158642 -6.924568653 -0.08076177537 -3.024042606 0.0003405825683 -0.2893594512 -0.001316387929 0.9572195459
1621396321.206941843 -7.500248432 -0.07993205637 -3.454966068 -0.003288607622 -0.3042304699 -0.005740572326 0.9525754837
1621396321.402591467 -8.077230453 -0.08681018651 -3.887872696 -0.003068648121 -0.3114507107 -0.006095967204 0.9502378005
1621396321.802499533 -9.237960815 -0.07870262861 -4.721726894 -0.004126596539 -0.3137011604 -0.007704909684 0.9494815362
1621396322.201403141 -10.32571983 -0.07721841335 -5.52834177 -0.004928340437 -0.3143952268 -0.01062700909 0.9492199005
1621396322.404945374 -10.88672733 -0.06897390634 -5.941880226 -0.004824122709 -0.3152184584 -0.01209886806 0.9489297491
1621396322.802864313 -11.96243095 -0.05482598022 -6.757734776 -0.006255214489 -0.3198200431 -0.01467324857 0.9473440284
1621396323.003067255 -12.47558784 -0.04296253622 -7.167964458 -0.006786801243 -0.3228098574 -0.0151325238 0.9463185204
1621396323.208478451 -12.9880085 -0.02710069902 -7.568247795 -0.006929933076 -0.3256270487 -0.01569053922 0.9453426935
1621396323.402878761 -13.48677349 -0.01510486007 -7.953068733 -0.006133687458 -0.3281879568 -0.01640161193 0.9444501205
1621396323.604855299 -13.9708271 -0.004210921004 -8.347258568 -0.006184275922 -0.3310295152 -0.01658031385 0.9434544546
1621396324.015182018 -14.95819283 -0.01663684472 -9.175473213 -0.002626030366 -0.3380461962 -0.003798214952 0.9411181896
1621396324.403079987 -15.94818211 -0.01339255925 -9.996620178 0.003290538105 -0.3422457412 0.008083884243 0.939569942
1621396324.806178331 -16.95186234 -0.04341188073 -10.83349323 0.001120988012 -0.3416538009 0.009064391647 0.9397814962
1621396325.004708290 -17.46449471 -0.06707471609 -11.24305344 0.0002311261578 -0.3401574633 0.003971980948 0.9403600747
1621396325.407735109 -18.54707146 -0.1375477314 -12.12886238 0.006773203097 -0.3397307053 0.01585139025 0.9403647723
1621396325.806645393 -19.66476631 -0.2030795068 -13.02504444 0.01406377245 -0.3370683785 0.03103328803 0.9408634617
1621396326.203895807 -20.80772591 -0.309411943 -13.95000935 0.01308674509 -0.3342818328 0.03216785264 0.9418331182
1621396326.602507591 -21.92816925 -0.4503751695 -14.8567524 0.01580795204 -0.3313757602 0.03920901617 0.9425512545
1621396327.211454630 -23.43741989 -0.6758024693 -16.05462265 0.023969831 -0.3297713491 0.06107036683 0.941778485
1621396327.809215784 -24.83602333 -0.9077037573 -17.18060303 0.01873342934 -0.330106031 0.05149548584 0.9423519947
1621396328.603044033 -26.4252758 -1.14920783 -18.44290543 0.02308961557 -0.3299532341 0.05452188055 0.9421385766
1621396329.406646490 -27.82790565 -1.396914601 -19.58741379 0.01839985268 -0.3307173708 0.05209481547 0.9421112441
1621396330.202279568 -29.28287315 -1.618486404 -20.76288605 0.01851764738 -0.330129278 0.05167341594 0.9423383759
1621396331.001691341 -30.72011185 -1.833810925 -21.92214012 0.01757890881 -0.3299564681 0.05046187656 0.9424825251
1621396331.808753252 -32.21716309 -2.057530165 -23.12673378 0.01476121198 -0.3298978746 0.04864766179 0.9426467546
1621396332.608251095 -34.12354279 -2.308212996 -24.63691711 0.01358243288 -0.3311027555 0.0446412801 0.9424402575
1621396333.405917168 -36.20424652 -2.611712694 -26.27941132 0.02139079118 -0.3306265234 0.05150561659 0.9421123646
1621396334.201977730 -38.17768097 -2.917976618 -27.84900093 0.02758647926 -0.3304225754 0.06318531549 0.9413115976
1621396335.002088070 -40.10395432 -3.268141747 -29.36527634 0.02919946604 -0.3291566968 0.06299841594 0.9417188857
1621396335.807579756 -41.94234085 -3.59777236 -30.83106232 0.02651248826 -0.3308833808 0.05900177741 0.9414521053
1621396336.602068186 -43.66590881 -3.885714769 -32.26790619 0.02700650763 -0.3393519144 0.06446798977 0.9380590627
1621396337.408824444 -45.17877579 -4.114408493 -33.59482574 0.00970210156 -0.3473625739 0.02993231321 0.9372028426
1621396338.204875231 -46.79998779 -4.239629269 -34.92806625 0.01008644385 -0.3450494576 0.01167955724 0.9384576301
1621396339.000549078 -48.11656952 -4.284869671 -36.03013229 0.004562230662 -0.3420042513 -0.001152870287 0.9396866228
1621396339.602781057 -49.03445053 -4.297021866 -36.75786972 0.01026934205 -0.3394523318 0.00173946034 0.9405655901
1621396340.403703690 -50.25048828 -4.325592518 -37.72446442 0.008737316179 -0.3313692098 0.00370779 0.9434534214
1621396341.004333735 -51.18152618 -4.343597889 -38.42420578 0.008067617693 -0.3245179027 0.005269588262 0.9458304689
1621396341.805844069 -52.44927979 -4.386900902 -39.36288834 0.003198999116 -0.3131318443 0.003049003539 0.949699383
1621396342.401701689 -53.28010559 -4.365461826 -39.97856903 -0.001429811411 -0.3109202698 -0.005881835994 0.950416722
1621396343.204079390 -54.19641876 -4.407574177 -40.71018219 -0.0009831389635 -0.3254714569 -0.001865899022 0.9455495136
1621396343.802020311 -54.74794388 -4.420264244 -41.32583618 0.001063006337 -0.3674104358 -0.0005042818605 0.9300581634
1621396344.606368542 -55.27429199 -4.437622547 -42.26896286 0.00663920984 -0.4615369859 0.0004063131012 0.88709603
1621396345.206586123 -55.46808624 -4.418127537 -43.01685333 0.006588968451 -0.5420903362 -0.002410740113 0.8402909266
1621396345.803762913 -55.50528336 -4.422070503 -43.79302597 -0.003770446003 -0.613024853 -0.006308821513 0.7900294375
1621396346.603185415 -55.37078094 -4.420897484 -44.73445511 -0.01051628973 -0.6953266817 -0.0106933177 0.7185373103
1621396347.404742718 -55.13196182 -4.377896786 -45.6648674 -0.01669720046 -0.7536944757 -0.01606859753 0.6568162917
1621396348.201492548 -54.81479263 -4.378694534 -46.57370758 -0.01671400837 -0.7923269592 -0.0136638987 0.6097146295
1621396349.000825644 -54.34968948 -4.350250721 -47.51779175 -0.01570155845 -0.8242971422 -0.01376357091 0.5657722568
1621396349.804412842 -53.82833481 -4.341926575 -48.48383713 -0.01478981478 -0.8481196703 -0.01226600811 0.5294561655
1621396350.404548883 -53.39704895 -4.324594021 -49.21357727 -0.01537617767 -0.8604683982 -0.0123783995 0.5091212861
1621396351.203438520 -52.76127625 -4.295562744 -50.2870903 -0.01593957642 -0.8684176539 -0.01180039307 0.4954366347
1621396351.807473898 -52.16581345 -4.277264118 -51.26304245 -0.01565826557 -0.8720121377 -0.01060536188 0.4891187758
1621396352.404163837 -51.45158005 -4.272441864 -52.40148544 -0.01501783664 -0.875453048 -0.009821789298 0.4829699347
1621396353.006297112 -50.61840439 -4.244344711 -53.6749649 -0.01261653988 -0.879369448 -0.007734974396 0.4759100408
1621396353.802469730 -49.46789169 -4.198717117 -55.37547684 -0.0108340819 -0.8844435115 -0.005027674681 0.4664943945
1621396354.404433250 -48.59363174 -4.178278446 -56.62478256 -0.01215853916 -0.8874828693 -0.0051787584 0.4606511772
1621396355.009033203 -47.72995758 -4.152947426 -57.85506821 -0.01262375471 -0.8891978985 -0.004308042137 0.4573283054
1621396355.602211952 -46.86809921 -4.124911785 -59.06518555 -0.01280387681 -0.890889021 -0.003623618355 0.4540260812
1621396356.206797600 -45.99224472 -4.098451138 -60.21763611 -0.01446616226 -0.8931353851 -0.006950450384 0.4495015075
1621396356.803467512 -45.13561249 -4.065460682 -61.35261536 -0.0125220334 -0.8954239945 -0.005758227939 0.4450010242
1621396357.403216124 -44.2668457 -4.03330183 -62.47856903 -0.01294579759 -0.8975424651 -0.005560682475 0.4407028574
1621396358.013290644 -43.38520813 -4.007852554 -63.59166336 -0.01508198522 -0.8994952626 -0.00822321323 0.4365926993
1621396358.607079983 -42.50862503 -3.98194766 -64.72904205 -0.01525512598 -0.8995023561 -0.008743117445 0.4365619662
1621396359.212145567 -41.65055466 -3.959022284 -65.8494873 -0.0143775547 -0.8994010568 -0.006722883918 0.4368361567
1621396359.808873892 -40.78094864 -3.935716391 -66.94618988 -0.01424928334 -0.8993318171 -0.008369262847 0.4369544554
1621396360.606150866 -39.62855148 -3.89452672 -68.43457794 -0.01273458604 -0.8991730294 -0.006034106677 0.4373663032
1621396361.407265902 -38.49662781 -3.85963726 -69.93854523 -0.01118396275 -0.8987559185 -0.003264387602 0.438294492
1621396362.002566099 -37.63970947 -3.830621958 -71.01385498 -0.01686622416 -0.8987944057 -0.007567199138 0.4379804611
1621396362.807606697 -36.5180397 -3.792186975 -72.46700287 -0.01698269976 -0.8985783554 -0.007504509905 0.4384201289
1621396363.407394648 -35.68026352 -3.759352207 -73.54367828 -0.01690525921 -0.8975544371 -0.009543737079 0.4404760625
1621396364.207712889 -34.59703064 -3.703919649 -74.98849487 -0.01321791492 -0.8967194908 -0.006464443955 0.4423546683
1621396365.016350031 -33.51834488 -3.66592145 -76.39338684 -0.01562193096 -0.8969667546 -0.009103617488 0.4417281072
1621396365.613636255 -32.72123718 -3.646390676 -77.45426941 -0.01690793008 -0.8975866738 -0.006561752038 0.4404647867
1621396366.409425974 -31.65127182 -3.603392839 -78.83380127 -0.01651652185 -0.898830776 -0.006422687671 0.4379374266
1621396367.006191015 -30.88117027 -3.574178934 -79.8207016 -0.01401810597 -0.9003848253 -0.003379953448 0.4348554184
1621396367.611909389 -30.07803535 -3.54411149 -80.84026337 -0.01062054889 -0.9016539931 -0.0004770558672 0.4323274837
1621396368.205860615 -29.2705307 -3.516023159 -81.8455658 -0.01030724576 -0.9021329242 -0.001637994842 0.4313319658
1621396368.805649042 -28.44166565 -3.4973948 -82.87070465 -0.01103079415 -0.9025971197 -0.001445080033 0.4303425064
1621396369.606652021 -27.34057999 -3.462955236 -84.23021698 -0.01278049617 -0.9040396213 -0.001239628252 0.427255761
1621396370.208611012 -26.48496246 -3.442977667 -85.24797058 -0.01281541615 -0.9053785327 -0.002045334758 0.4244069912
1621396370.806784391 -25.64012527 -3.423185587 -86.25910187 -0.01278923084 -0.906822355 -0.001591538706 0.4213159374
1621396371.606798649 -24.49497032 -3.371657133 -87.61237335 -0.01242095922 -0.9085841056 -0.0006139459526 0.4175167851
1621396372.211055040 -23.62220192 -3.340416193 -88.6099472 -0.01323064736 -0.909423558 -0.003113495342 0.4156489483
1621396372.812344074 -22.76622963 -3.301820755 -89.60553741 -0.0142682671 -0.9099274506 -0.003232682579 0.4145093497
1621396373.409055948 -21.92847061 -3.274646521 -90.57522583 -0.01572118605 -0.9096972859 -0.004811260986 0.4149464352
1621396374.008747101 -21.1945343 -3.22802186 -91.47675323 -0.01785460054 -0.9052944554 -0.007648761149 0.4243402628
1621396374.811102629 -20.49171257 -3.198852301 -92.66657257 -0.01660349829 -0.8795241949 -0.007474929513 0.4755056676
1621396375.809076309 -20.10632896 -3.162866116 -94.12162781 -0.008399896716 -0.8156980479 -0.002889366841 0.578409706
1621396376.809737921 -20.15438271 -3.154556036 -95.25605774 -0.002024076645 -0.7415084653 -0.0002846506751 0.6709403982
1621396377.809209585 -20.40353584 -3.161184072 -96.19233704 0.002260789653 -0.6676743532 0.0006941253302 0.7444497062
1621396378.609231949 -20.69898796 -3.165467024 -96.80042267 0.005907908942 -0.6114187419 0.002563252203 0.7912810173
1621396379.417754650 -21.02305603 -3.165989637 -97.27192688 0.008287245671 -0.5593588239 0.003539519151 0.8288766492
1621396380.208844900 -21.45562744 -3.177276611 -97.74688721 0.01075405854 -0.5001651389 0.004444878363 0.8658518506
1621396381.006406546 -22.01562309 -3.191747427 -98.276474 0.01190117724 -0.4395271866 0.004365661599 0.8981398305
1621396381.806983232 -22.68999672 -3.2079494 -98.83776855 0.01128657472 -0.3867406767 0.002719438757 0.9221154303
1621396382.610153675 -23.48577881 -3.240669489 -99.46678162 0.012360243 -0.3527245114 0.004492723674 0.9356347893
1621396383.608829021 -24.60542488 -3.259586811 -100.3900604 0.01326473535 -0.3412889731 0.007823907424 0.9398322564
1621396384.609745979 -25.81666565 -3.295018673 -101.419693 0.009880947689 -0.3401010855 0.006996457333 0.9403109422
1621396385.808365583 -27.41717911 -3.305753946 -102.7035751 0.004001138154 -0.3292528443 0.002438620227 0.9442301671
1621396386.809002399 -29.0019455 -3.361549854 -103.4142303 0.002793806226 -0.2290657237 0.004105767412 0.9733982903
1621396387.808885336 -30.67847443 -3.396240234 -103.4266052 -0.001230789705 -0.04873641338 0.006541111535 0.9987894979
1621396388.806467295 -32.15087891 -3.431622505 -102.8474197 -0.006021187314 0.1317727523 0.005748416953 0.9912449963
1621396389.808723450 -33.34052658 -3.470685959 -101.8558807 -0.009439980516 0.2927483617 0.008720369639 0.9561031527
1621396390.812111616 -34.30271149 -3.50804019 -100.6561661 -0.01083693253 0.3995750614 0.0100426055 0.9165814079
1621396391.806213856 -35.23116684 -3.537480593 -99.40077209 -0.01132788367 0.4349953081 0.009642427761 0.900309827
1621396392.813591957 -36.20769119 -3.571846247 -98.13699341 -0.01049094923 0.4372407914 0.0081659851 0.8992462104
1621396393.807748079 -37.22891617 -3.609523058 -96.82312775 -0.008615118366 0.4377589927 0.005472446428 0.8990344245
1621396394.809062958 -38.39622879 -3.655593634 -95.3373642 -0.0115964703 0.4388851955 0.006556287393 0.8984443901
1621396395.607692957 -39.40922165 -3.673282623 -94.016922 -0.009745592376 0.4394124482 0.00605620814 0.8982121387
1621396396.408082008 -40.5447464 -3.716729641 -92.58468628 -0.01221736455 0.4356235903 0.009533414652 0.8999955209
1621396397.204552889 -41.76926041 -3.753680229 -91.01758575 -0.00901105319 0.4340095057 0.006110228519 0.9008425029
1621396398.206532478 -43.48578644 -3.816999435 -88.85383606 -0.008191256919 0.4329057699 0.006286446728 0.901380041
1621396399.009374380 -44.96601105 -3.872308016 -87.00390625 -0.01109746219 0.4327784859 0.01021830172 0.9013740704
1621396400.010227442 -46.84305954 -3.934024334 -84.60607147 -0.01097886944 0.4377129872 0.009049096483 0.8990021797
1621396401.204141855 -48.99435043 -4.010561943 -81.79649353 -0.009981073598 0.4419654592 0.007692184325 0.8969435553
1621396402.204374552 -50.70516205 -4.069410801 -79.53682709 -0.01005314986 0.4427518496 0.007513817368 0.8965563431
1621396403.009607077 -52.06138229 -4.119758129 -77.74022675 -0.008755310023 0.4436715966 0.007566679043 0.8961147272
1621396404.012134075 -53.73607635 -4.186162949 -75.53942871 -0.007712194334 0.4423213887 0.006404029729 0.8968005907
1621396405.205528498 -55.70783997 -4.252336979 -72.96221924 -0.008563741916 0.4408613582 0.007996275998 0.897498738
1621396406.407552719 -57.71978378 -4.318531513 -70.37339783 -0.006563173382 0.4386973623 0.004691887453 0.8985986508
1621396407.607487440 -59.72200012 -4.383584976 -67.80737305 -0.006614958682 0.4354612368 0.005224484131 0.9001680167
1621396408.807798624 -61.66621399 -4.431749344 -65.4058075 -0.00912052656 0.4287590612 0.007766458368 0.903339452
1621396410.007943392 -63.55588913 -4.496953964 -63.12574768 -0.009378964634 0.4218882484 0.007560926989 0.9065677985
1621396411.205605268 -65.42704773 -4.559803963 -60.9031601 -0.01056591534 0.4192586931 0.008177245116 0.907768496
1621396412.015513659 -66.65317535 -4.587058544 -59.47378159 -0.01109470856 0.4186713606 0.008072658333 0.9080341576
1621396413.011364222 -68.13587189 -4.638231754 -57.6897049 -0.009834952386 0.4216118533 0.006575549261 0.906699223
1621396413.809511662 -69.29414368 -4.667541981 -56.27539444 -0.009735100411 0.4253411665 0.00626097634 0.9049590709
1621396414.805867434 -70.69936371 -4.721156597 -54.48822403 -0.00794657271 0.4311993763 0.006716763912 0.902196672
1621396415.614137173 -71.86614227 -4.74943018 -53.01298523 -0.008157355515 0.4364735948 0.004830136818 0.8996671209
1621396416.608963490 -73.40679169 -4.7778368 -50.98522949 -0.005232285742 0.4418381471 0.0006889499153 0.8970792609
1621396417.410024881 -74.75933075 -4.811106682 -49.16513062 -0.007734350635 0.445940245 0.00654521264 0.8950053843
1621396418.204194546 -76.16375732 -4.846345425 -47.25671387 -0.006766978419 0.4493249689 0.003966337897 0.8933339513
1621396418.807497263 -77.27021027 -4.889997482 -45.74303818 -0.008148136595 0.4512061682 0.005016358238 0.8923684428
1621396419.614112616 -78.77268219 -4.908529758 -43.68930435 -0.008781465447 0.4501628475 0.004817460111 0.8928903005
1621396420.406341553 -80.33881378 -4.979041576 -41.57301712 -0.008360796128 0.447217182 0.005991585769 0.8943662505
1621396421.207844257 -81.9712677 -5.021472454 -39.4055748 -0.009576374712 0.4441015221 0.00894006137 0.8958806876
1621396422.011996746 -83.62142944 -5.07830286 -37.20851135 -0.008225810039 0.4433770554 0.006444976328 0.89627428
1621396422.607614517 -84.85965729 -5.132653236 -35.55003357 -0.008325621647 0.4451338431 0.008176385621 0.8953880123
1621396423.412682772 -86.47685242 -5.18911171 -33.34379578 -0.005988355915 0.4484417342 0.005536222962 0.8937748603
1621396424.009670019 -87.71112823 -5.235548019 -31.67019272 -0.008018894076 0.4501516352 0.007654374712 0.8928833144
1621396424.604838371 -88.91457367 -5.282371044 -30.00572586 -0.003152695687 0.4483972046 0.006235329769 0.8938070978
1621396425.406539202 -90.55861664 -5.350644588 -27.82509804 -0.006477643991 0.4448522694 0.006905145915 0.8955539166
1621396426.005681276 -91.79423523 -5.388111591 -26.19540405 -0.003142064034 0.442849188 0.002756434947 0.8965863741
1621396426.605448484 -93.03915405 -5.413228035 -24.58982468 -0.007403921804 0.4405090167 0.004544802042 0.8977061507
1621396427.210111141 -94.27067566 -5.456675529 -23.00452232 -0.006526255969 0.4376634233 0.003823654966 0.8991070657
1621396427.608660460 -95.08094788 -5.46812582 -21.97751999 -0.008559578708 0.4351378559 0.005563876184 0.9003059609
1621396428.208473206 -96.28471375 -5.49464941 -20.46634102 -0.005595763345 0.4320046524 0.001139327195 0.9018532972
1621396428.605356216 -97.08818054 -5.514853954 -19.46333885 -0.00692748903 0.4300058464 0.003582106057 0.9027924182
1621396429.007066250 -97.90003967 -5.541413307 -18.45261574 -0.008466513947 0.4294252612 0.008980568365 0.9030180577
1621396429.412235260 -98.69020081 -5.556780338 -17.47157097 -0.008015456003 0.429118272 0.007836256237 0.9031787498
1621396429.809048414 -99.47501373 -5.594444275 -16.4882679 -0.004773264184 0.4286624513 0.004140731645 0.9034426231
1621396430.208025694 -100.2729874 -5.620127678 -15.51851368 -0.007202899772 0.4277538812 0.006309853847 0.9038445226
1621396430.611180067 -101.0506439 -5.636132717 -14.55115986 -0.007062648542 0.4268693245 0.005292940748 0.9042702492
1621396431.006286621 -101.858551 -5.670511723 -13.58058643 -0.007430083272 0.4258973487 0.006541603437 0.9047173314
1621396431.411744595 -102.6339035 -5.694869995 -12.61762238 -0.008038093001 0.4258040594 0.007503796942 0.9047485756
1621396431.807299137 -103.4126968 -5.720112324 -11.66491604 -0.005806422247 0.4252780055 0.005941343447 0.9050246427
1621396432.209254742 -104.2097092 -5.747391224 -10.71100998 -0.007339875957 0.4242471949 0.00699115272 0.9054896839
1621396432.609735727 -104.9963913 -5.775456429 -9.764498711 -0.007442560977 0.4231076703 0.006923167252 0.9060223934
1621396433.007423639 -105.7821045 -5.806136131 -8.836260796 -0.007841550077 0.419941043 0.005052957548 0.9075034425
1621396433.407703161 -106.573822 -5.826573372 -7.905104637 -0.005683648228 0.4164980778 0.003587866153 0.9091117503
1621396433.803915262 -107.3753052 -5.838034153 -7.007946491 -0.008216618776 0.4130266118 0.004426598031 0.9106711318
1621396434.206183672 -108.161911 -5.862541676 -6.105715275 -0.007088358362 0.4094845655 0.004837174969 0.9122766836
1621396434.614542723 -108.957756 -5.883547783 -5.22936821 -0.009256260901 0.4058884416 0.007197724505 0.9138474092
1621396435.012403011 -109.7420425 -5.894798279 -4.368206501 -0.009515288687 0.4039538204 0.006584086016 0.9147061933
1621396435.406648636 -110.5267334 -5.933049202 -3.512540817 -0.01217306021 0.4044731502 0.007656401635 0.9144368031
1621396435.813307524 -111.2831726 -5.955182076 -2.65097332 -0.01298730475 0.4069127919 0.009142484661 0.9133289247
1621396436.206098318 -112.0419388 -5.967624187 -1.768634439 -0.01482525724 0.4114306058 0.01139156317 0.9112493076
1621396436.612761736 -112.770874 -6.002584457 -0.9000875354 -0.01488014 0.4171595268 0.01166093903 0.9086366342
1621396437.007541180 -113.4725189 -6.026173115 -0.03255565092 -0.01770226155 0.4281780525 0.01175602124 0.9034445092
1621396437.608209133 -114.3244095 -6.060008049 1.350999713 -0.01604023053 0.4707746973 0.01139488679 0.8820340424
1621396438.208822727 -114.8744125 -6.080529213 2.758982897 -0.01680593387 0.5393583184 0.01291236672 0.8418096197
1621396438.807928085 -115.1315384 -6.111517906 4.183834553 -0.01302503357 0.6129595596 0.01082330109 0.7899327712
1621396439.615294456 -114.9898453 -6.119773388 6.09177494 -0.01140415748 0.7180489489 0.01174629033 0.6958000265
1621396440.205868244 -114.5440216 -6.133425713 7.470047474 -0.009398796722 0.7869586534 0.01254403423 0.6168066048
1621396440.610972404 -114.1082001 -6.122828007 8.345899582 -0.006418824969 0.8246962074 0.01201051259 0.5654119841
1621396441.208766460 -113.2638931 -6.124128819 9.56353569 0.001991227389 0.8704400664 0.006758400398 0.4922239834
1621396442.210947275 -111.5404205 -6.084887028 11.37055969 0.009998292426 0.9175028261 0.001789543994 0.397599542
1621396443.212225676 -109.6160965 -6.053179741 12.96927929 0.009911171176 0.9402275519 0.00433484376 0.3403749821
1621396444.211925268 -107.7023697 -6.006894112 14.50391865 0.01028588863 0.943111733 0.005745610837 0.3322671327
1621396445.208035469 -105.839119 -5.98247385 16.02612114 0.00683174631 0.9421184137 0.009902788021 0.3350644066
1621396446.008531094 -104.3701706 -5.952549934 17.23973083 0.007877624257 0.9402571495 0.008702997392 0.3402626832
1621396446.612897635 -103.2871552 -5.93191576 18.15653992 0.007213838851 0.9387733654 0.008861160975 0.3443457691
1621396447.212370872 -102.1889191 -5.914099693 19.0681572 0.005286038213 0.9372209489 0.00866165342 0.3485884772
1621396447.811049938 -101.1426926 -5.897716045 19.96622658 0.006469722411 0.9367364033 0.009525276826 0.3498461412
1621396448.410247803 -100.0780258 -5.877576351 20.87984657 0.008240461812 0.9370732336 0.008939056457 0.3489211128
1621396448.818558693 -99.36571503 -5.859459877 21.48896027 0.007789066537 0.9375334867 0.009103384991 0.3476886827
1621396449.409805536 -98.2675705 -5.835325718 22.39241791 0.007673770964 0.9382966301 0.007462864699 0.3456658109
1621396450.014860153 -97.14933777 -5.812052727 23.34023094 0.006536716258 0.9396745358 0.009348723127 0.3418795686
1621396450.607229948 -95.96734619 -5.791504383 24.27951813 0.008232311231 0.9416132013 0.008012138316 0.3365005405
1621396451.206236839 -94.74568176 -5.77646637 25.25338173 0.007571621441 0.94380498 0.00957181428 0.3302774751
1621396451.807615995 -93.48036194 -5.743019581 26.21582031 0.007607871001 0.9460812426 0.009537315499 0.3236996173
1621396452.407610893 -92.21755981 -5.727586746 27.16005516 0.007311051217 0.9485238883 0.0112922561 0.3164197635
1621396453.008923054 -90.93556213 -5.706076145 28.07781029 0.00979350102 0.9507024169 0.009417055763 0.3098069091
1621396453.609551191 -89.67635345 -5.661998749 28.96943855 0.01168467168 0.9517510035 0.008772023117 0.3065233227
1621396454.206315279 -88.4342041 -5.637262821 29.87283325 0.01126248364 0.9499112389 0.005915921965 0.3122607831
1621396454.816413164 -87.25286102 -5.603974342 30.78992462 0.01214301113 0.9466893366 0.005027449684 0.3218797479
1621396455.410302401 -86.09707642 -5.573697567 31.73468208 0.0117447633 0.9436368956 0.00550427397 0.3307282461
1621396456.009792089 -84.96878815 -5.537988663 32.66403961 0.01141351768 0.9400325648 0.005314100282 0.3408522687
1621396456.616623402 -83.91819 -5.513247967 33.63854599 0.008309000529 0.9338116885 0.007748253068 0.3575844731
1621396457.206206560 -82.9594574 -5.487654209 34.65908051 0.005224037624 0.9196471262 0.006045214287 0.3926643962
1621396458.015464783 -82.01052094 -5.471117496 36.22127151 0.001488327535 0.8762463346 0.007638505295 0.4818005803
1621396458.815594912 -81.5626297 -5.479003906 37.92575073 -0.002600286634 0.801324767 0.006388133469 0.5981898093
1621396459.604606152 -81.63828278 -5.491031647 39.63241196 -0.01210994912 0.7057074103 0.01207454523 0.7082969755
1621396460.204485178 -81.99913788 -5.539006233 40.90742874 -0.01819150885 0.6372751892 0.01681123301 0.7702381351
1621396460.804680586 -82.56388855 -5.595958233 42.18809891 -0.02143298393 0.5735255616 0.02173147629 0.818618837
1621396461.607191086 -83.51679993 -5.634714603 43.83593369 -0.01277210179 0.5074693743 0.01093404714 0.8615057482
1621396462.205784321 -84.32324982 -5.675627708 44.92907715 -0.0004019763122 0.460570464 -0.00970484361 0.8875699984
1621396463.009749889 -85.55140686 -5.652308464 46.28097534 -0.006356624368 0.4100357934 -0.003093435167 0.9120420342
1621396463.817840099 -86.77098846 -5.667709351 47.28643799 -0.006025907047 0.3451805887 0.001548533298 0.938515664
1621396464.608728409 -88.06684875 -5.6961236 47.88611221 -0.005966781842 0.237807161 0.006378908527 0.9712731136
1621396465.404864788 -89.37966919 -5.720345497 48.09454346 -0.002949477677 0.115107716 0.008521743931 0.993312083
1621396466.215343475 -90.61740112 -5.754212856 47.94368362 0.001009738739 -0.006423228584 0.008745063574 0.9999406214
1621396467.007698536 -91.81705475 -5.788921833 47.57794571 0.003658679777 -0.1008786072 0.008168943689 0.9948584769
1621396467.808528423 -93.02799225 -5.825680733 47.11262131 0.004602431597 -0.1594308279 0.008146092077 0.9871647633
1621396468.607474089 -94.26231384 -5.853684902 46.56221771 0.004041601264 -0.195611124 0.005766828162 0.9806562585
1621396469.611339569 -95.99751282 -5.900996208 45.71081161 0.005103697627 -0.2231943201 0.004938151201 0.974748102
1621396470.406208515 -97.47348785 -5.93571043 44.92345047 0.003991105037 -0.2396492115 0.003156056701 0.9708462112
1621396471.006613970 -98.6448288 -5.952031136 44.27329636 0.005404044796 -0.2488434421 0.003004638313 0.9685239851
1621396471.807972431 -100.2365189 -5.999680042 43.30534744 0.003675236532 -0.2633806086 0.003313359369 0.9646793091
1621396472.605545282 -101.8609619 -6.037789345 42.25358963 0.004783905426 -0.2801519121 0.006743663986 0.9599200713
1621396473.410088539 -103.5872498 -6.058986664 41.08635712 0.006506876818 -0.2943185273 0.008035463303 0.9556514513
1621396474.404801607 -105.8246231 -6.146512985 39.50085449 0.005927143658 -0.3064978007 0.005225692444 0.9518385679
1621396475.208227634 -107.6903458 -6.190636635 38.07878494 0.002674541413 -0.315117892 0.003513572434 0.9490422624
1621396476.011276007 -109.5987701 -6.252476215 36.63807297 0.001527913414 -0.3192569928 0.003887159769 0.9476589724
1621396477.010390520 -112.0379562 -6.314260483 34.77241516 -0.0002322510181 -0.3209607062 0.003266194551 0.9470868509
1621396478.003866196 -114.5173416 -6.361360073 32.89732361 0.0008880513428 -0.3213695477 0.003616610264 0.9469465377
1621396479.013468266 -116.859848 -6.423023224 31.1145649 0.001430025779 -0.32111375 0.003848522873 0.9470317331
1621396480.210474730 -119.5052032 -6.468419075 29.09669304 -0.001296245354 -0.3202784094 -0.000555995452 0.9473224114
1621396481.411147594 -121.9136887 -6.485736847 27.25509834 0.001049222211 -0.3246677807 -0.000514469053 0.9458273979
1621396482.408493280 -123.79039 -6.485595703 25.72096825 0.001670128919 -0.3355319165 0.001103979486 0.9420267114
1621396483.206613541 -125.206131 -6.524940491 24.50469971 0.005039184423 -0.3471736598 0.002002685921 0.9377851811
1621396484.204436541 -126.9140701 -6.547398567 22.95667839 0.005393926335 -0.3580929447 0.001317570961 0.9336694343
1621396485.206508875 -128.5843506 -6.572790623 21.41173172 0.006831301224 -0.3675497752 0.00354233309 0.9299720146
1621396486.210173607 -130.1668091 -6.603883743 19.84866524 0.002951495093 -0.3779600448 -0.0009962374366 0.9258166669
1621396487.204770327 -131.8219299 -6.616425514 18.2412281 0.00543545371 -0.3787866332 0.000360453433 0.9254679964
1621396488.010824680 -133.2183685 -6.638203621 16.8903923 0.005982979735 -0.3757876967 0.001426166231 0.9266853711
1621396488.813621044 -134.6519775 -6.645855904 15.56236744 0.00582334976 -0.3674405791 0.001850326009 0.9300269274
1621396489.610590458 -136.1327972 -6.657484055 14.37012672 0.002709121496 -0.3371273638 0.0005381872336 0.9414549971
1621396490.608259678 -138.1400146 -6.705483913 13.26814842 0.004975250596 -0.2516098319 0.004579815028 0.9678051274
1621396491.608074903 -140.2743225 -6.746154308 12.7245903 -3.337777464e-05 -0.1296900134 0.002597513737 0.9915511849
1621396492.607855082 -142.4015656 -6.79903698 12.86450005 -0.003783136695 0.02415763326 0.002493276782 0.9996978945
1621396493.406904221 -143.8751678 -6.823435307 13.52424812 -0.007404290901 0.1670927924 0.005486809961 0.9858981033
1621396494.207931280 -145.0776367 -6.857066154 14.48558331 -0.00937365932 0.2980641529 0.005815133054 0.9544821001
1621396495.012934208 -146.0945587 -6.893458843 15.63266945 -0.008511598093 0.3778788268 0.007254416149 0.9257875125
1621396496.007951498 -147.4036713 -6.925877571 17.08503532 -0.009366764069 0.4008453163 0.007324696542 0.9160685809
1621396497.006692171 -148.75383 -6.964931011 18.52182961 -0.01078366211 0.3981573128 0.007945966925 0.9172193459
1621396497.807927847 -149.822113 -6.994399071 19.71164131 -0.01313435207 0.405870977 0.009743750214 0.9137840544
1621396498.804128885 -151.1100006 -7.031210899 21.26702499 -0.01102624332 0.4200166704 0.008989826808 0.9074048719
1621396499.605241537 -152.1905365 -7.069448471 22.58301163 -0.01153584944 0.4255094645 0.008010120102 0.904844991
1621396500.407092094 -153.321167 -7.113963127 23.98199463 -0.007310507465 0.4273316746 0.004095460886 0.9040560954
1621396501.011287451 -154.2250977 -7.14092207 25.07497215 -0.0104690984 0.4274478333 0.005263326199 0.9039640729
1621396501.612315655 -155.1429291 -7.159043312 26.20319748 -0.009370914752 0.4289622962 0.005122913511 0.9032592597
1621396502.204168558 -156.0363922 -7.176430225 27.33124352 -0.01124331505 0.4327739727 0.007606664826 0.9014002524
1621396502.807047367 -156.9793854 -7.209516048 28.5538559 -0.009724802073 0.436049999 0.007431690583 0.8998392059
1621396503.411576271 -157.9174652 -7.243364811 29.79345894 -0.007602314197 0.4392318647 0.006082216562 0.8983209786
1621396504.007944822 -158.8868713 -7.269147873 31.08478737 -0.004676821735 0.440766064 0.004278110745 0.8975996334
1621396504.608568907 -159.8691864 -7.300810814 32.37591171 -0.004426805624 0.4427561284 0.002855632955 0.8966265998
1621396505.204120636 -160.8299408 -7.330414295 33.65719986 -0.00542483385 0.4450984039 0.004131968809 0.895455699
1621396505.810949326 -161.7671814 -7.351751328 34.90969467 -0.005493811911 0.4463713826 0.004745023421 0.8948183568
1621396506.409468174 -162.6855927 -7.378372192 36.13358307 -0.009144639132 0.4477919565 0.00688498101 0.8940645034
1621396507.205423832 -163.8445587 -7.406556606 37.74266815 -0.007022434895 0.4516671315 0.005056279187 0.8921445633
1621396507.807605743 -164.7162476 -7.427319527 38.92099762 -0.007696192078 0.4517880276 0.004149936351 0.8920824653
1621396508.203340054 -165.2727051 -7.451972485 39.70132065 -0.00674222152 0.4511721156 0.004165060621 0.8924017687
1621396508.805872917 -166.1279755 -7.455688477 40.83578491 -0.00581922897 0.4471404356 0.004226973747 0.8944348495
1621396509.407000542 -166.9975281 -7.496626854 41.97801208 -0.006456161909 0.4426235363 0.004245592794 0.896674243
1621396510.009901524 -167.9134827 -7.517093658 43.15061188 -0.007256385897 0.4372494122 0.005748697922 0.899292638
1621396510.608754396 -168.8777313 -7.552975655 44.35484314 -0.008375208278 0.4331781865 0.006579920929 0.9012453713
1621396511.209255695 -169.8687897 -7.5768466 45.59833908 -0.006312570036 0.4291098463 0.00636312152 0.9032078398
1621396512.008306265 -171.2532959 -7.621586323 47.27088165 -0.005998104678 0.423473981 0.006035221133 0.9058683051
1621396512.611468554 -172.3492737 -7.664422512 48.56605148 -0.004270822918 0.4198901219 0.003418807543 0.9075584595
1621396513.206428528 -173.4698486 -7.703446388 49.88270187 -0.002789403339 0.4172810499 0.002635359645 0.9087693874
1621396513.808063984 -174.6090698 -7.727105618 51.1836586 -0.006191110015 0.4150529242 0.004682412348 0.9097641537
1621396514.205854654 -175.3642578 -7.744671822 52.07717133 -0.00492964239 0.4143455087 0.003210386691 0.9101006491
1621396514.806392908 -176.513916 -7.784733295 53.391922 -0.008145218588 0.4146291126 0.006395495774 0.9099315645
1621396515.408754587 -177.6389008 -7.814570427 54.71973419 -0.01087643961 0.4154941704 0.0095163398 0.909481026
1621396515.808210850 -178.3634338 -7.838701725 55.57831192 -0.009772970778 0.4173752263 0.007427254219 0.9086513333
1621396516.213371277 -179.095932 -7.859294891 56.41054153 -0.01151428855 0.4189439394 0.007182554935 0.9079106827
1621396516.809945583 -180.1353607 -7.880604744 57.6692543 -0.01158422856 0.4217242301 0.007619330765 0.9066181254
1621396517.210474014 -180.8095245 -7.900670528 58.47082138 -0.012587779 0.4226461212 0.007414901577 0.9061770375
1621396517.808840036 -181.7797241 -7.935954094 59.65151215 -0.0112344728 0.4239920451 0.006545102574 0.9055725779
1621396518.408444405 -182.7276611 -7.948218822 60.81592941 -0.01083986714 0.4246595214 0.006653981547 0.9052637807
1621396519.008064270 -183.647583 -7.9748559 61.95704651 -0.01121518008 0.429133104 0.007465150884 0.903140781
1621396519.610970497 -184.4924469 -7.998623848 63.11169052 -0.009412159056 0.4419194482 0.005824387683 0.8969864487
1621396520.207901239 -185.2178345 -8.020608902 64.32359314 -0.01213441149 0.47956694 0.007963050546 0.8773852609
1621396521.011184931 -185.7145844 -8.039381027 66.02033997 -0.0136872904 0.5748053165 0.01055803903 0.8181075932
1621396521.808134317 -185.727066 -8.048104286 67.71420288 -0.006539131934 0.6773066401 0.006381837595 0.73564409
1621396522.607388258 -185.3798828 -8.049186707 69.34959412 -0.01322289699 0.7616078503 0.01441506869 0.6477428835
1621396523.410701513 -184.6713409 -8.073781967 70.80926514 -0.003077303701 0.8296557363 0.007993449696 0.5582096328
1621396524.207375526 -183.6920929 -8.075247765 72.15132141 0.004185929502 0.8801988827 0.003424753751 0.4745742048
1621396525.006152868 -182.5381012 -8.050484657 73.33144379 0.004692824772 0.9152687206 0.004423541792 0.4027922278
1621396526.006911516 -180.9573517 -8.027209282 74.62969971 0.009813745481 0.9397516815 0.004499137953 0.341687321
1621396526.614771366 -179.9322662 -8.016158104 75.30045319 0.01019613573 0.9525648507 0.005701133679 0.3041113958
1621396527.207202673 -178.9343567 -7.993104935 75.80532074 0.01126856909 0.9655093527 0.005005976212 0.2600762377
1621396528.008015633 -177.802002 -7.971820831 76.16386414 0.0144762443 0.9818051114 0.005329217318 0.1892637342
1621396528.805919647 -176.7834625 -7.953502178 76.2436142 0.01720073709 0.9942713772 0.002371563821 0.1054653437
1621396529.607635498 -175.7848511 -7.924149513 76.17362976 0.01849738807 0.9996078544 0.00665016479 0.019943905
1621396530.408019781 -174.8887634 -7.896956921 75.92364502 -0.01505217016 -0.9983301422 0.002145456167 0.05572931302
1621396531.207024813 -174.1089935 -7.891895771 75.61464691 -0.01197538565 -0.9919367107 -0.002277476079 0.1261466022
1621396532.009982347 -173.4320374 -7.883665085 75.26221466 -0.01316612289 -0.9828666286 -0.004798531743 0.1837847047
1621396532.808633327 -172.7341003 -7.854428768 74.76878357 -0.005035888386 -0.9718975695 0.004771342444 0.2353019094
1621396533.606747627 -172.0050812 -7.859919548 74.21733856 -0.01240714959 -0.9570551318 -0.004728241683 0.2896017629
1621396534.811784983 -170.9459991 -7.832988262 73.08288574 -0.01325415628 -0.9272215392 -0.00614905077 0.3742281841
1621396535.809290648 -170.139267 -7.809884548 71.93911743 -0.0137699238 -0.9008745077 -0.005329640788 0.4338284286
1621396536.810291052 -169.157486 -7.786356926 70.77410889 -0.0145985236 -0.9035249644 -0.007087548404 0.4282280799
1621396537.807763100 -168.0753632 -7.756241798 69.50336456 -0.01298504899 -0.9081474065 -0.005772867579 0.4184093098
1621396538.810680151 -167.0326996 -7.720283985 68.25587463 -0.01637447494 -0.9066662262 -0.008054479819 0.42145386
1621396540.010371923 -165.8114319 -7.679614544 66.69972992 -0.01371893818 -0.9004175689 -0.007210736961 0.4347505004
1621396541.208566666 -164.6522522 -7.65415144 65.13070679 -0.01400382834 -0.8943693441 -0.008415371781 0.4470308163
1621396542.207481384 -163.7075043 -7.632000923 63.8094101 -0.01479527467 -0.8904924036 -0.009543145357 0.4546573515
1621396543.203770399 -162.8041992 -7.605229855 62.47165298 -0.01315457709 -0.8872354483 -0.006933613525 0.4610771533
1621396544.405617714 -161.7031555 -7.560438156 60.86988831 -0.01282930475 -0.8851980261 -0.008091313209 0.4649670893
1621396545.217848301 -161.0610657 -7.551512241 59.92789459 -0.01207140066 -0.8845304677 -0.008280360279 0.4662526876
1621396546.608494282 -160.0253754 -7.528961658 58.35804367 -0.01203500268 -0.882357469 -0.008084829402 0.4703563449
1621396547.613431454 -159.2892456 -7.509494781 57.23823547 -0.01277139622 -0.8811675014 -0.0086287922 0.4725529282
1621396548.815247774 -158.5372467 -7.486281872 55.74226379 -0.0105633241 -0.8558309352 -0.006623605485 0.517105361
1621396550.206731558 -158.4793549 -7.46755743 53.84169769 -0.005800847033 -0.7384385952 -0.004909441153 0.6742779017
1621396551.805860281 -159.474884 -7.479789734 51.76737213 0.004052777821 -0.5422448121 0.001059997311 0.8402101018
1621396553.205142975 -160.8650818 -7.501385689 50.45891571 0.006511251434 -0.3961993477 0.000538154423 0.9181412696
1621396554.607595444 -162.37677 -7.510768414 49.26396942 0.0102390245 -0.3415352844 -7.586382429e-05 0.9398131762
1621396556.205265522 -163.9383087 -7.516818047 47.82329178 0.007960209345 -0.3662160221 -0.0007573946462 0.930495506
1621396557.606928825 -165.000061 -7.524382114 46.33807373 0.004037794022 -0.4456410734 -0.002050147937 0.8952002719
1621396559.207880735 -165.8054199 -7.507380962 44.40010452 -0.0001860023633 -0.5527405465 -0.004107024104 0.8333432582
1621396560.604528666 -166.083252 -7.490871906 42.54982376 -0.0003594495441 -0.6460971488 -0.002402170862 0.7632513182
1621396562.008322954 -165.8400726 -7.46508646 40.42963028 -0.003148729543 -0.7428833112 -0.001877055986 0.6694108963
1621396563.409882307 -164.8885498 -7.436516762 38.20424271 -0.006122189299 -0.8343726789 -0.001082740163 0.5511656549
1621396564.808205128 -163.4672089 -7.39434576 36.17256165 -0.012218959 -0.8854236453 -0.004224290122 0.4646050159
1621396566.409451246 -161.7419586 -7.342178345 33.87794113 -0.01186531835 -0.8991814875 -0.003161161658 0.4374035594
1621396568.009045124 -159.5320129 -7.298445702 32.19882202 -0.01399862096 -0.9557424498 -0.00507953976 0.2938275114
1621396569.608374357 -156.9309845 -7.2652812 31.94073105 -0.01650935207 -0.9995825065 -0.008862336786 0.02199347509
1621396571.205231667 -154.3680267 -7.221064091 32.78091049 0.01223196819 0.9874373283 0.008715023571 0.1572957407
1621396572.807875872 -151.8772583 -7.175287247 34.07012177 0.01177474249 0.9710284777 0.005656816524 0.2386064781
1621396574.404999733 -149.4151306 -7.120652199 35.54668808 0.009344440686 0.9618153455 0.0062274622 0.2734687207
1621396576.004819155 -146.571579 -7.071055412 37.44363785 0.01085601251 0.9575744547 0.005158993052 0.287935228
1621396577.407986403 -143.3275452 -7.015818596 39.63955307 0.009643259619 0.9551726673 0.005743888075 0.2958364259
1621396578.805099726 -139.9078979 -6.944746017 42.101017 0.009427489417 0.9526879427 0.008793632097 0.3036766015
1621396580.407612801 -136.2022705 -6.85728693 44.80368805 0.006817881811 0.949562113 0.009930788021 0.3133475538
1621396581.811817884 -133.152771 -6.774970531 47.04562759 0.004524918831 0.9501351198 0.01431097765 0.311477086
1621396583.615131617 -129.3065796 -6.673976421 49.96236038 0.009989168542 0.9486168693 0.006073587997 0.3162109476
1621396585.405220509 -125.5500336 -6.605930328 52.84146881 0.009226734236 0.9450522063 0.002972411354 0.3267757021
1621396587.207873821 -122.0914154 -6.539737701 55.76525497 0.01074984577 0.9359753256 0.006540197788 0.3518406693
1621396589.003021240 -118.8954849 -6.496612072 58.71405411 0.00462970048 0.9286913856 0.01254004227 0.3706124977
1621396590.610451937 -116.1984406 -6.457866669 61.36923599 0.0005929162981 0.9246627153 0.01688822185 0.3804120127
1621396592.013527632 -113.786377 -6.434374332 63.64013672 0.002299775935 0.9301201566 0.01880814995 0.3667662181
1621396593.207816601 -111.6642075 -6.386310101 65.37520599 0.009780107953 0.9445459051 0.01157632023 0.3280295282
1621396594.409946918 -109.6693878 -6.324977875 66.49208832 0.01432433985 0.9671534658 0.003371375459 0.2537668628
1621396595.607261419 -107.6762848 -6.276305199 66.9489975 0.01502950964 0.9920818273 0.005119497732 0.1245855233
1621396596.804153919 -106.0776596 -6.261149406 66.81563568 -0.01536915893 -0.9998729502 -0.002421117398 0.003465645553
1621396597.805775881 -105.1329727 -6.236049652 66.52873993 -0.01661290816 -0.9960999109 -0.001328311542 0.08664418227
1621396598.809066772 -104.3399124 -6.236490726 66.12003326 -0.01501413397 -0.9867749287 0.0004100228828 0.1613990327
1621396600.006463528 -103.4535904 -6.215715885 65.57067108 -0.01372247533 -0.9730834333 -0.00110351818 0.2300415346
1621396601.008627653 -102.6428986 -6.199293613 64.92752838 -0.01232497661 -0.9562446617 -0.003229538959 0.2922906294
1621396602.214371204 -101.5238876 -6.169989586 63.83904266 -0.01306858185 -0.9354781331 -0.001747791515 0.3531385279
1621396603.209863424 -100.4248505 -6.147765636 62.81042862 -0.01279669344 -0.9300385506 -0.004486769608 0.3672116663
1621396604.405622482 -99.09172821 -6.110185146 61.49546051 -0.01099859617 -0.9261430908 -0.003206588603 0.3769983077
1621396605.611286879 -97.77870941 -6.071178913 60.14156342 -0.01137275545 -0.9217805283 -0.002861181175 0.3875346845
1621396606.808345318 -96.42939758 -6.063960552 58.68108749 -0.01114562303 -0.9181686654 -0.002920263314 0.3960221571
1621396608.008018255 -95.06258392 -5.98121357 57.15568161 -0.01419017703 -0.913157566 -0.00594864232 0.4073162311
1621396609.412343979 -93.52990723 -5.926552296 55.38861084 -0.01628241183 -0.9105660817 -0.006443460499 0.4129924645
1621396610.607869864 -92.22895813 -5.867973804 53.85092926 -0.01707595887 -0.9094184677 -0.006085384742 0.4154869797
1621396612.008340359 -90.78710175 -5.810602188 52.19464874 -0.01678582951 -0.9106818146 -0.004077442286 0.4127471901
1621396613.205783367 -89.55001068 -5.752784252 50.8092308 -0.01503611822 -0.912831674 -0.003371283571 0.4080451991
1621396614.608502388 -88.13095093 -5.706241131 49.2685585 -0.01287030721 -0.9159371001 -0.001673285633 0.4011119344
1621396616.008424759 -86.44660187 -5.668220043 47.48142624 -0.006031428449 -0.9192107771 0.001936254788 0.3937148969
1621396617.405220985 -84.38333893 -5.664084911 44.98054504 0.002683285837 -0.8999338264 0.003316986087 0.4360056257
1621396618.607966661 -83.20652008 -5.636467457 42.54911804 -0.02270044912 -0.8455447782 -0.01038301935 0.5333206452
1621396620.007752657 -82.62006378 -5.521399021 39.62995148 -0.00853675189 -0.7612158355 -0.005874904621 0.6484158089
1621396621.204643965 -82.91283417 -5.510715008 37.31850052 0.001699716949 -0.6678768428 0.0002660902966 0.7442698187
1621396622.609242916 -83.97314453 -5.520620346 35.00509644 0.006127492955 -0.5356918371 0.001453779599 0.8443900734
1621396624.014060736 -85.68791962 -5.5641222 33.21511459 0.01152498225 -0.3961014454 0.007495535761 0.9181038267
1621396625.407497406 -87.63569641 -5.615680218 31.51811028 0.01042716151 -0.3481390623 0.00598684614 0.9373657905
1621396627.010383844 -90.16423798 -5.682097912 29.50648499 0.01278407493 -0.3291648211 0.008302652085 0.9441494341
1621396628.606883049 -93.11766815 -5.745687485 27.29013824 0.009129492863 -0.3153246717 0.00343631636 0.948933715
1621396630.211745977 -96.01148224 -5.79993391 25.09324265 0.006950877387 -0.3221878317 0.002844951323 0.9466459701
1621396631.804210186 -98.6930542 -5.848762989 22.86657906 0.009294447945 -0.3471085164 0.004184510366 0.9377695777
1621396633.410742283 -100.9765625 -5.880647659 20.42691994 0.01095948974 -0.4151446331 0.003780028223 0.9096815567
1621396635.007827997 -102.1184311 -5.883651733 17.54738998 0.00638853725 -0.5949563875 0.001889994447 0.8037303724
1621396637.009275436 -101.7318649 -5.845113754 14.23966503 -0.001901646528 -0.7757775697 0.001749001846 0.6310011784
1621396638.809971333 -100.3553314 -5.786429882 11.72795582 -0.008646443776 -0.8634726265 -0.001064057392 0.5043204637
1621396640.803745031 -98.54151154 -5.717983246 9.104714394 -0.01045212772 -0.8872949955 -0.0004680255328 0.4610836419
1621396642.605273724 -96.89665985 -5.667346478 6.794673443 -0.01126167747 -0.8899659025 -0.001604622298 0.4558851744
1621396644.005697727 -95.34836578 -5.626988411 4.80685091 -0.009811784614 -0.898788851 -0.002184185233 0.4382665393
1621396645.607578039 -93.10203552 -5.549966335 2.38172102 -0.01626654926 -0.9228790754 -0.001139704855 0.3847444771
1621396647.006481886 -90.65681458 -5.478516102 0.8522409797 -0.0149177082 -0.9654177262 0.0009382875227 0.2602790723
1621396648.610059023 -87.60276794 -5.414438248 0.4179068208 -0.01624839162 -0.9991081811 -0.002561788123 0.03888790892
1621396650.205455542 -84.69592285 -5.367754936 1.369507313 0.009403381488 0.9841264726 0.005477077007 0.177134593
1621396651.606377602 -82.2996521 -5.339924812 2.908040047 0.005934821633 0.9574202202 0.005134179191 0.2885913028
1621396653.209188461 -79.7279892 -5.293549538 5.043910027 0.008579305009 0.9368891546 0.006928929782 0.3494525682
1621396654.819461346 -77.3000946 -5.198067665 7.345366478 0.009590226133 0.9253761479 0.006342201301 0.3788756905
1621396656.410730362 -74.82306671 -5.162416458 9.412809372 0.01241257905 0.9465804563 0.0104379594 0.3220596477
1621396658.005576611 -71.96327972 -5.074073792 10.39950752 0.01482083838 0.9899027547 0.009125899658 0.1406755022
1621396659.605946064 -69.1478653 -5.00240469 9.980084419 -0.01899677066 -0.995580924 -0.008855138273 0.0915386972
1621396661.206177950 -66.64331055 -4.944529533 8.454462051 -0.01750043844 -0.9590320557 -0.009059846342 0.282611341
1621396662.812074423 -64.35871887 -4.86627388 6.11584425 -0.01632270044 -0.9173499833 -0.007859560538 0.3976692155
1621396664.204536200 -62.49824142 -4.821518898 3.78774786 -0.01645804187 -0.9031015723 -0.008013527587 0.4290366725
1621396665.804807186 -60.28089142 -4.71756506 1.164151073 -0.0181938494 -0.9077114118 -0.01219470557 0.4190229896
1621396667.210201025 -58.31559753 -4.653821945 -1.125652671 -0.019995087 -0.9084977839 -0.01404381409 0.417174717
1621396668.607365131 -56.40764618 -4.579724312 -3.43555069 -0.02028013164 -0.9040160815 -0.01459031622 0.4267678097
1621396670.007290363 -54.6020546 -4.484421253 -5.748966694 -0.02156441495 -0.8976043969 -0.01527669307 0.4400090287
1621396671.407556295 -53.07623291 -4.401809216 -8.134872437 -0.01971495692 -0.8733539269 -0.01492529936 0.486458091
1621396672.607237577 -52.38275146 -4.34656477 -10.30879021 -0.01107170837 -0.809950422 -0.007893151858 0.5863407109
1621396674.005196571 -52.33399582 -4.303872585 -12.81774521 -0.0004496918486 -0.7176269058 -6.826761256e-05 0.6964276109
1621396675.412980556 -52.90636444 -4.317564011 -15.21784115 0.009262451145 -0.6220609028 0.006707003313 0.7828853405
1621396677.008695364 -54.38386536 -4.359714031 -17.55891609 0.01175979807 -0.4707047498 0.007507904661 0.8821804674
1621396678.408124208 -56.13220215 -4.404056072 -19.17940712 0.0123021554 -0.3707695187 0.006152057075 0.9286230523
1621396680.014553070 -58.25360107 -4.452095985 -20.91332817 0.01235653363 -0.336386899 0.006929947484 0.9416173034
1621396681.605757236 -60.35800171 -4.511768341 -22.59712601 0.01166071801 -0.3349146303 0.007019439729 0.9421501714
1621396683.009492159 -62.18494034 -4.575592518 -24.10811424 0.01293762012 -0.3414620481 0.009928318407 0.9397540722
1621396684.410573959 -63.82128525 -4.616993904 -25.67482376 0.01237964428 -0.37906424 0.004114179807 0.9252784013
1621396686.008305550 -65.07320404 -4.641561508 -27.77654266 0.01205107148 -0.5053972564 0.006699565267 0.8627766227
1621396687.614872932 -65.22200775 -4.636473179 -29.91778946 0.003302775586 -0.6806142336 0.002259399839 0.7326310476
1621396689.008091450 -64.70610809 -4.625905991 -31.59749985 -0.004603916597 -0.7857087586 -0.0009707336428 0.6185787001
1621396690.606580973 -63.78199005 -4.592404842 -33.47770691 -0.006805051804 -0.8459881613 -0.0005351659717 0.5331579839
1621396692.208235264 -62.6312294 -4.563684464 -35.4517746 -0.0080982947 -0.8670539247 0.000344215231 0.4981483623
1621396693.606830597 -61.68456268 -4.517580032 -37.19227219 -0.01166808777 -0.8604022556 -0.001703398898 0.5094790602
1621396695.206017494 -61.1870079 -4.532960892 -39.32082367 -0.002349863538 -0.7899290063 0.0003587835779 0.6131937006
1621396696.806659698 -61.44288254 -4.505899906 -41.39723969 0.0005024737926 -0.6735331287 0.0006036252091 0.7391566192
1621396698.206962824 -62.3444252 -4.548086643 -43.05533981 0.003811492345 -0.5421739984 0.001963981199 0.840255301
1621396699.807476521 -63.85861206 -4.5849967 -44.58948898 0.005696262551 -0.3988407526 0.002503020164 0.9169990957
1621396701.406836033 -65.64622498 -4.623215199 -46.00678635 0.002718895269 -0.3330558212 0.001576789797 0.9429018726
1621396703.006304979 -67.77539825 -4.668157578 -48.0069046 0.006169286818 -0.3816916806 0.003487950045 0.9242625358
1621396704.605867624 -69.2433548 -4.707844257 -51.1846199 0.008670067401 -0.5646249806 0.00448387339 0.8252898619
1621396706.205513716 -68.90200806 -4.67424202 -55.03538895 -0.003833468049 -0.7696714465 -0.001179805459 0.6384275817
1621396707.813603163 -67.00978851 -4.612220764 -59.01233673 -0.008572431107 -0.8646527191 -0.0003013482733 0.5022968226
1621396709.205681801 -64.7014389 -4.525038242 -62.57078171 -0.01139359067 -0.8840138422 -0.002025984563 0.4673174599
1621396710.808967352 -61.73590851 -4.422425747 -66.7550354 -0.01215792093 -0.8907678206 -0.002398548366 0.4542896892
1621396712.407555103 -58.44391632 -4.325520039 -71.02451324 -0.0114851187 -0.899817841 -0.003172463506 0.4361030619
1621396714.007954597 -54.87112427 -4.196571827 -75.48293304 -0.01327394857 -0.9030761866 -0.003517399109 0.4292607965
1621396715.605206728 -51.09335709 -4.07071352 -80.15543365 -0.01174469919 -0.9025791211 -0.002508685663 0.4303564787
1621396717.213391781 -47.25284195 -3.950793266 -85.01878357 -0.0132332849 -0.8998365642 -0.002469958763 0.4360194229
1621396718.607627869 -43.91688538 -3.827037096 -89.13552856 -0.01180385041 -0.9045317562 -0.001265877517 0.426240975
1621396720.007401228 -40.62472916 -3.722247601 -93.13650513 -0.01275361935 -0.9041841934 -0.001294999344 0.4269503631
1621396721.407788038 -37.59942245 -3.625209093 -96.86344147 -0.01216604387 -0.9021917512 -0.004823175286 0.4311366007
1621396722.605190516 -35.62957001 -3.559597015 -99.82365417 -0.01193928793 -0.8744247645 -0.004395322308 0.4849942946
1621396724.008235931 -34.79963684 -3.497160673 -103.1723938 -0.005483551484 -0.7708296555 -0.003084917424 0.6370102481
1621396725.404546022 -35.20070267 -3.48945713 -106.3029251 0.0009528186967 -0.6440151054 -0.0005802651583 0.7650119604
1621396726.609440088 -36.21417618 -3.507720947 -108.8009872 0.002630254665 -0.5530008203 0.001279784044 0.8331755737
1621396727.807790518 -37.8458786 -3.523217916 -111.0567093 0.007492723222 -0.4520256448 0.002747688233 0.8919692404
1621396728.806404829 -39.47481537 -3.52050662 -112.725975 0.009516200896 -0.3912984903 0.003217962773 0.9202089861
1621396730.005765200 -41.60242081 -3.56586647 -114.5713501 0.003568728803 -0.3467991803 -0.0007188810565 0.9379323408
1621396731.014304876 -43.4424057 -3.534225702 -115.9845352 0.007996549301 -0.3283560575 0.003858780003 0.9445122892
1621396732.013542891 -45.23751068 -3.58237505 -117.4335175 0.002863726433 -0.3283204095 0.006085692368 0.9445424671
1621396733.009653807 -47.04385376 -3.665286303 -118.9411545 -0.001591114942 -0.3400057557 0.003930464858 0.940413795
1621396733.806349277 -48.47990417 -3.689968824 -120.193985 -0.001054853991 -0.3503283278 0.0008111369892 0.936626015
1621396734.807774067 -50.3001709 -3.753900051 -121.7847443 -0.0002647027127 -0.3569730281 -0.002128475612 0.9341122292
1621396735.808702946 -52.06465149 -3.778340578 -123.3411713 -0.0007864103417 -0.3536613215 -0.00235606282 0.9353702477
1621396736.816292524 -53.87345123 -3.805357933 -124.7911453 -0.001969183814 -0.3315684424 -8.693489893e-05 0.9434291085
1621396737.809103012 -55.80433655 -3.831374645 -125.8528824 -0.00594378176 -0.2510799695 -0.002098056829 0.9679458242
1621396738.806282520 -57.8319397 -3.839292288 -126.2408524 -0.002393034812 -0.114155607 0.001518443355 0.9934588392
1621396739.806009769 -59.74279404 -3.848785162 -126.0938721 -0.002751653014 0.01799661003 0.006450731695 0.9998134518
1621396740.807740211 -61.45727158 -3.890322924 -125.4906387 -0.001684784826 0.1430163745 0.008418290777 0.9896830859
1621396741.807037830 -62.9607811 -3.979814291 -124.5924301 -0.00674038614 0.2434519844 0.01104159027 0.9698266761
1621396742.820199728 -64.31842041 -4.030284405 -123.5376053 -0.0129226942 0.3164625593 0.01145467827 0.9484478071
1621396743.810457468 -65.49732971 -4.071269035 -122.3186035 -0.01349171388 0.3735914242 0.01083379493 0.9274319653
1621396744.808173180 -66.61055756 -4.101754189 -121.0335312 -0.01235255529 0.4067164149 0.009493704791 0.9134216123
1621396745.810438633 -67.79180145 -4.150127411 -119.7282791 -0.01301728725 0.4070806757 0.01011728163 0.9132434037
1621396746.807929993 -68.87418365 -4.190320015 -118.356926 -0.01242457909 0.4257030599 0.01038809974 0.9047179793
1621396747.609567881 -69.51934814 -4.212303638 -117.5606918 -0.01305887426 0.4296756008 0.01172924867 0.9028126985
1621396751.806917667 -69.22262573 -4.203217983 -117.9416199 -0.01375536847 0.4267955306 0.01232415085 0.9041595435
1621396752.408662796 -68.89511871 -4.192335129 -118.3435364 -0.01358257538 0.4283772093 0.01189318199 0.9034196325
1621396753.406982422 -68.30982971 -4.177411556 -119.0428925 -0.01310028623 0.4354532296 0.0111256217 0.9000472698
1621396754.215376854 -67.83745575 -4.156105518 -119.640213 -0.01340601548 0.4427225552 0.01087648439 0.896492454
1621396755.214522123 -67.16204834 -4.13743782 -120.5010147 -0.01355291774 0.4536451599 0.01085026955 0.8910132765
1621396756.407613277 -66.31116486 -4.094602585 -121.7006378 -0.01622923887 0.466641448 0.0112953353 0.884225529
1621396757.606789351 -65.43271637 -4.064052582 -122.9683304 -0.01407495643 0.4747454318 0.01079451025 0.8799444011
1621396758.806283474 -64.58276367 -4.019419193 -124.2704926 -0.01560437393 0.4828878661 0.01240451704 0.875455276
1621396760.008813381 -63.86292267 -3.999702215 -125.4519272 -0.01645840587 0.4832128048 0.01211998548 0.8752643098
1621396761.405479431 -63.22174454 -3.959116697 -126.4411087 -0.0137767197 0.4875954539 0.009466156239 0.8729096558
1621396762.609285831 -62.75867844 -3.947464705 -127.1993408 -0.01517566074 0.4962365623 0.01034489682 0.8679930626
1621396763.812592268 -62.34584045 -3.933848619 -127.8761902 -0.01481220957 0.5068394512 0.009059149563 0.8618655933
1621396765.207240105 -62.07341003 -3.930975676 -128.2429352 -0.01291166359 0.5262521442 0.007417229878 0.8501981853
1621396766.605576992 -61.75862122 -3.917078257 -128.6105957 -0.01026848358 0.568326818 0.005911621377 0.8227175936
1621396767.605894089 -61.48030853 -3.911055565 -129.0193787 -0.007723133072 0.6127078278 0.00440803034 0.7902594765
1621396776.209398985 -61.05981445 -3.903819799 -128.2073059 -0.002839700781 0.7336436127 0.004119151291 0.6795160177
1621396782.815109015 -61.00139999 -3.901544571 -129.2037506 0.00263047783 0.8137568112 0.003073858458 0.5811914351
1621396784.011697769 -61.17483902 -3.913657188 -130.1545258 0.00884289693 0.8577425141 -0.001494608352 0.514001312
1621396790.206223726 -60.80339813 -3.898501158 -129.8300934 0.01023121573 0.8832071602 -0.0008641795447 0.4688706513
1621396791.607038260 -59.84729767 -3.883444786 -129.0112 0.01172465246 0.921502657 -0.002639377707 0.3881860629
1621396792.812754154 -58.77656555 -3.880773544 -128.2693634 0.01181374619 0.9443048999 -0.006186503596 0.3288014882
1621396794.007143259 -57.60932922 -3.858466387 -127.3911591 0.01316780954 0.948211164 -0.007166350397 0.3172866852
1621396795.406724930 -55.91519547 -3.833805084 -126.1390381 0.01228354731 0.9496991518 -0.003937101216 0.3128979623
1621396796.817919493 -53.64860153 -3.805145264 -124.4489212 0.01008005817 0.9501260424 0.001950040288 0.3116971178
1621396798.206905127 -51.18379593 -3.755313158 -122.5678406 0.00768083359 0.9463185798 0.002402244558 0.323135234
1621396799.614575386 -48.92589188 -3.724809408 -120.5412903 0.01337322202 0.9252735031 -0.006464047523 0.3790096535
1621396801.014834404 -47.54179001 -3.679044485 -118.313652 0.01021258476 0.8650957226 -0.003227937337 0.501492447
1621396802.608335018 -47.3653717 -3.670166969 -115.9041595 -0.001686294432 0.7329774328 0.002651311414 0.6802456983
1621396804.215783596 -47.99094772 -3.697082043 -113.8692932 -0.01097601354 0.6095126583 0.009037052188 0.7926488366
1621396805.807392597 -49.14328384 -3.754419088 -111.5679016 -0.01239035481 0.5248101032 0.01089616877 0.8510594035
1621396807.608379126 -51.5547905 -3.888148069 -107.8357468 -0.01394371793 0.4665916841 0.01275637677 0.8842709132
1621396809.008574963 -53.86385345 -3.98462224 -104.6958771 -0.009183550316 0.4480544197 0.009242817661 0.8939113321
1621396810.806203365 -56.80455017 -4.099048138 -100.7759857 -0.01002341443 0.4488442224 0.008701292311 0.893511434
1621396812.410156250 -59.2850914 -4.188513756 -97.42541504 -0.01014289602 0.4505289801 0.01016327413 0.8926463284
1621396814.007442474 -61.92213821 -4.304318905 -93.83305359 -0.01300858849 0.4500042866 0.01035353827 0.8928716161
1621396815.812622070 -65.19342041 -4.412207127 -89.46342468 -0.00859643146 0.4428473367 0.005786646857 0.896537145
1621396817.605751276 -68.58169556 -4.522410393 -84.97209167 -0.006966939254 0.4441631525 0.008449642472 0.8958789869
1621396819.606929541 -72.31776428 -4.667880058 -79.9156723 0.0005156596547 0.4461149734 0.002576769661 0.8949718012
1621396821.605584145 -76.06933594 -4.766112328 -74.9600296 -0.002980135214 0.4446126576 0.002806134747 0.8957135865
1621396823.407071352 -79.33172607 -4.824707508 -70.80426788 -0.008148940194 0.4342902064 0.005369651138 0.9007201442
1621396824.816741467 -81.82461548 -4.903095722 -67.75278473 -0.00601542226 0.4262400379 0.005566225437 0.9045729721
1621396826.207920790 -84.30194092 -4.994390965 -64.80000305 -0.007400778883 0.4208731757 0.004458886136 0.907078341
1621396827.608798742 -86.70322418 -5.032580853 -61.97047806 -0.008774093541 0.4193733496 0.003017969498 0.9077664352
1621396828.806549788 -88.60965729 -5.053257465 -59.68527985 -0.009467239979 0.4251948072 0.004376299468 0.9050417644
1621396830.006888628 -90.288414 -5.077185154 -57.52038574 -0.008652037061 0.4407283859 0.005591825161 0.8975813966
1621396831.411517382 -92.15400696 -5.143652439 -55.04932404 -0.008628709088 0.4455360674 0.0065760534 0.8951982538
1621396832.606533289 -93.73497772 -5.202161789 -52.94002533 -0.01183138709 0.4488282516 0.008423132908 0.893500011
1621396833.818714380 -95.30451202 -5.24464798 -50.80431747 -0.01208772959 0.4503597798 0.007844122899 0.8927308806
1621396835.207267523 -97.17366791 -5.299524784 -48.28657913 -0.01054388826 0.4456344882 0.007362692205 0.8951226285
1621396836.407308578 -98.82384491 -5.333747864 -46.11772919 -0.007539555466 0.4416781413 0.004909672832 0.8971284577
1621396837.607572556 -100.5196991 -5.402592182 -43.91228867 -0.009823645148 0.4398299526 0.008521052112 0.8979869155
1621396838.610479116 -101.9658737 -5.446541786 -42.0372467 -0.008071043942 0.4385360823 0.006708245252 0.8986523033
1621396839.605853796 -103.4338379 -5.503968239 -40.09928513 -0.008243817391 0.443526426 0.006998929997 0.8961960521
1621396841.008289576 -105.5775986 -5.571723938 -37.42531586 -0.006344188174 0.4230139401 0.005050510261 0.9060868888
1621396842.212726831 -107.6529999 -5.623579502 -35.38085938 -0.008230686348 0.3701759411 0.007119004658 0.9288979213
1621396843.209555864 -109.6492386 -5.688802242 -34.23049927 -0.01011466056 0.255962717 0.006122174419 0.9666143492
1621396844.411030531 -112.2546158 -5.761214733 -33.83181381 -0.006900538159 0.05979171989 0.007336689872 0.9981600602
1621396845.608798981 -114.8081055 -5.830788136 -34.42361069 -0.001653376199 -0.1181504806 0.007288220794 0.9929675786
1621396846.806234360 -117.2561798 -5.869597435 -35.64088058 0.007009408 -0.23759111 0.004497375519 0.9713295559
1621396847.610353231 -118.7843246 -5.917855263 -36.63543701 0.005770607378 -0.2793382196 0.003034784907 0.9601706355
1621396848.814467192 -120.9341812 -5.907430649 -38.14942551 0.002951945963 -0.3037376237 -0.002532395987 0.9527477782
1621396849.607389688 -122.340271 -5.956502914 -39.11299515 0.008805016604 -0.3007118621 0.004051633522 0.9536657863
1621396850.610233784 -123.6224976 -6.002471447 -40.04064941 0.006649578043 -0.3058841935 0.004956710672 0.9520326015
1621396851.406879902 -124.1249924 -6.001015663 -40.39897537 0.005964752733 -0.3077901241 0.004105700967 0.9514267205
1621396856.007997513 -124.6971588 -6.007475376 -40.78011703 0.007838886049 -0.3013159847 0.003577352322 0.9534854125
1621396856.806221247 -125.1438446 -6.010855198 -41.23854446 0.007092687728 -0.3358661586 0.003184473848 0.9418776335
1621396857.807049990 -125.5461655 -6.02000618 -41.71281815 0.007310920695 -0.3749089967 0.003566171744 0.9270259311
1621396858.610068798 -125.7269745 -6.026005268 -41.96580124 0.007120639636 -0.3945969323 0.003899333331 0.9188184547
1621396860.207638264 -125.9018707 -6.059761047 -42.22370148 0.008015295431 -0.414135762 0.005084863888 0.9101656277
1621396867.008178473 -126.0428238 -6.076425076 -42.49524689 0.006524650268 -0.4370778302 0.004001866653 0.8993911187
1621396873.408489227 -125.7751846 -6.082029343 -42.20889282 0.003763416164 -0.4498902349 1.150654294e-05 0.8930759279
1621396875.414286375 -125.5002365 -6.027617455 -41.74007797 0.007066289655 -0.4292490804 0.003715995769 0.9031508655
1621396876.806774855 -125.1609955 -6.024144173 -41.18492126 0.007282480991 -0.3879602966 0.003273640831 0.9216415013
1621396877.808238983 -124.9209518 -6.019676208 -40.84422684 0.007951341707 -0.3606128592 0.003633568323 0.9326746159
1621396878.811960220 -124.6693497 -6.013287067 -40.53278732 0.007709008297 -0.3338650409 0.0036954202 0.9425821182
1621396880.015055180 -124.3831711 -6.009483814 -40.23348999 0.007307319706 -0.3057502582 0.003395256886 0.9520776517
1621396884.609925032 -125.2940369 -6.030833721 -40.42479324 0.007624855259 -0.2022224808 0.004771566017 0.9792983008
1621396886.011246681 -126.4565964 -6.067204475 -40.40389252 0.00441154642 -0.06803349602 0.006402011672 0.9976527432
1621396887.208720207 -127.0834427 -6.079045773 -40.26561356 0.001740153807 0.006541536936 0.007640191524 0.9999479025
1621396888.409654856 -127.5641251 -6.092973709 -40.08341599 0.0001005784107 0.06625080879 0.007822887465 0.9977723301
1621396889.211704254 -127.9011765 -6.100809097 -39.90900421 -0.0009604283224 0.1084564665 0.007777667412 0.9940703096
1621396890.409972191 -128.6966248 -6.129773617 -39.34160233 -0.006546034206 0.2185512863 0.007801672184 0.975772319
1621396891.809029579 -129.5461884 -6.168587685 -38.33670044 -0.009005333961 0.3589455769 0.008720490394 0.9332743058
1621396893.011205196 -130.2883759 -6.202998161 -37.20516586 -0.01277725989 0.4406129277 0.01257380517 0.8975181831
1621396894.205953598 -131.2226562 -6.247006416 -35.87080383 -0.01327936 0.4577613986 0.01284197884 0.8888831442
1621396895.608773470 -132.3708344 -6.289223671 -34.26617813 -0.01007429423 0.4527130031 0.009027892982 0.8915536678
1621396896.809514284 -133.5315552 -6.337879181 -32.71287537 -0.008481593898 0.4467513435 0.008793261183 0.8945747471
1621396897.818150043 -134.6624146 -6.401128292 -31.20837402 -0.007747659006 0.4426729455 0.008294205435 0.8966113112
1621396898.810186148 -135.9422607 -6.461690426 -29.533638 -0.005728880628 0.43916175 0.005499489468 0.8983729141
1621396899.808900356 -137.3950348 -6.513952255 -27.70855713 -0.007760893545 0.4334081391 0.007877492516 0.9011299011
1621396901.011247635 -139.2475739 -6.581593037 -25.42396355 -0.008107558202 0.4286210266 0.00775962538 0.9034146729
1621396902.008948088 -140.915451 -6.636716366 -23.37796402 -0.007610682024 0.4251597923 0.007698306715 0.90505357
1621396903.011420965 -142.6672516 -6.701042175 -21.27833176 -0.007667663873 0.4224772057 0.008468452601 0.9063015519
1621396904.011628389 -144.4716949 -6.787913799 -19.13709641 -0.008634991778 0.4195504464 0.009746442689 0.9076386212
1621396905.211975336 -146.6307678 -6.853907108 -16.55634499 -0.01024418448 0.4207522753 0.007626983299 0.9070856678
1621396906.615563154 -149.0772095 -6.907756805 -13.62574387 -0.009306709523 0.4210020765 0.007016329122 0.9069847892
1621396907.806644917 -151.0885468 -6.971457005 -11.2144556 -0.01079285019 0.4221640884 0.00777736082 0.9064218165
1621396909.006189823 -153.0072174 -7.00637579 -8.853435516 -0.01259853521 0.4296083509 0.01059865633 0.9028652226
1621396910.209930420 -154.8347321 -7.092136383 -6.51393795 -0.01434186077 0.4369793334 0.01221640909 0.8992742255
1621396911.609395742 -156.9103699 -7.158078194 -3.812651396 -0.01522829206 0.4418344589 0.01022364679 0.896909074
1621396912.809350491 -158.6329346 -7.201319695 -1.53930974 -0.01059364765 0.44317411 0.006059741353 0.8963524766
1621396914.013261080 -160.3164978 -7.235546589 0.6701068878 -0.0120164784 0.4409674755 0.00858625844 0.8974015634
1621396915.215026379 -161.9625702 -7.256186962 2.825443745 -0.01270011567 0.4410037775 0.0076081087 0.8973831355
1621396916.407135725 -163.4076843 -7.297915936 4.687096119 -0.01273431264 0.4405562045 0.007846265252 0.8976004145
1621396917.609706402 -163.7173767 -7.306772232 5.09664011 -0.01256950278 0.4408481522 0.006836486214 0.8974676467
1621396921.008359432 -163.2037811 -7.300662518 4.422919273 -0.01279128183 0.4404679072 0.007631669054 0.8976447869
1621396922.207135439 -162.4123383 -7.289655209 3.39562726 -0.01331306005 0.4410004391 0.008533083384 0.8973675733
1621396923.408900499 -161.5442963 -7.259850025 2.269813061 -0.01224330676 0.4397944974 0.008861505175 0.8979712553
1621396924.415397644 -160.7834625 -7.245102406 1.28205812 -0.01263247827 0.4412990298 0.009156388312 0.8972244688
1621396925.612972021 -159.8370819 -7.224005222 0.04264326021 -0.01213205427 0.4443881106 0.007658547566 0.8957194689
1621396926.609445810 -159.0437164 -7.203909397 -1.011787534 -0.01139108642 0.4451905502 0.006964125968 0.8953363157
1621396927.809089661 -158.0881195 -7.187253952 -2.33432126 -0.01460862512 0.4321586778 0.009068418205 0.9016336446
1621396929.006868362 -157.080307 -7.158680439 -3.60271883 -0.0148528575 0.4212559133 0.0100622002 0.9067643576
1621396930.210221052 -156.0748138 -7.116817951 -4.801357269 -0.01437590739 0.421946331 0.01001007173 0.9064515572
1621396931.612127542 -154.9256439 -7.081150532 -6.174623489 -0.01554035407 0.4248360856 0.01169379645 0.9050613531
1621396933.019837618 -153.7548523 -7.032935619 -7.612783432 -0.01791780919 0.426980807 0.01285679519 0.9039917286
1621396934.406081438 -152.5199127 -6.983931065 -9.104111671 -0.01446447934 0.4295510569 0.01133649054 0.9028555545
1621396935.810357332 -151.274292 -6.948898315 -10.65485477 -0.01401488189 0.4319733685 0.009391077027 0.9017285621
1621396937.407342911 -149.9255981 -6.920215607 -12.34963131 -0.01268243745 0.4357605406 0.008661495187 0.8999316005
1621396938.809762478 -148.7680206 -6.877833843 -13.81583023 -0.01052117255 0.4388388993 0.007043660732 0.8984765507
1621396940.213190317 -147.6091309 -6.854692459 -15.30835724 -0.009541284131 0.4422446359 0.005234083023 0.8968284397
1621396941.814593315 -146.286087 -6.818943977 -17.05775833 -0.01119949757 0.4456440945 0.007537178028 0.895108431
1621396943.209910154 -145.1383972 -6.780623913 -18.58906555 -0.01201538903 0.4490566657 0.009592996642 0.8933709844
1621396944.807680130 -143.9187622 -6.72964716 -20.24700737 -0.01245293061 0.4519013999 0.01082520715 0.8919152786
1621396946.412984133 -142.7032013 -6.677407265 -21.93716049 -0.01209815224 0.4518692645 0.0101737603 0.891944111
1621396948.009900331 -141.3923645 -6.623152256 -23.75254822 -0.01164241097 0.4495314332 0.009558377577 0.8931374935
1621396949.414767742 -140.2048645 -6.595470905 -25.35963058 -0.008784821601 0.4462246269 0.006695494073 0.8948528257
1621396951.009201288 -138.9090118 -6.53487587 -27.13042259 -0.009401413949 0.435779889 0.008420093948 0.8999647792
1621396952.806713820 -137.4593506 -6.489014626 -29.01571846 -0.009583049096 0.4048958633 0.007329747374 0.9142832055
1621396954.207447290 -136.2042999 -6.452405453 -30.34342384 -0.009199604551 0.4151072134 0.00791966651 0.9096915123
1621396955.813081741 -134.7854919 -6.395756245 -31.97262764 -0.009926818476 0.4584308273 0.009350395405 0.8886254582
1621396957.612872601 -133.4309235 -6.330687523 -33.9434166 -0.01285471017 0.4763113993 0.01115373837 0.8791119391
1621396959.209084511 -132.2945251 -6.27584362 -35.71301651 -0.0160112097 0.4780725035 0.01319338214 0.8780753141
1621396961.008813381 -130.9718628 -6.213689327 -37.75569534 -0.01756860185 0.4711462776 0.01415216504 0.8817665482
1621396962.610061646 -129.9803467 -6.1601367 -39.44284058 -0.01463673319 0.4391802926 0.01133933178 0.8982081364
1621396964.207089424 -129.6165924 -6.151300907 -39.98539734 -0.01449645317 0.4047965634 0.0105937142 0.9142304788
1621396967.608803511 -129.7735291 -6.154377937 -39.70477295 -0.01460598704 0.4261440808 0.01030176695 0.9044787234
1621396969.208806992 -130.2680054 -6.181416988 -38.5158577 -0.01500723239 0.5098082659 0.01143120041 0.8600811838
1621396971.008327007 -131.1455536 -6.231576443 -36.67611694 -0.0153389956 0.5254748006 0.01341638646 0.8505650767
1621396972.809198618 -132.1933746 -6.277988434 -34.97299576 -0.01356147522 0.4891729153 0.0119538409 0.8719994558
1621396976.406911373 -131.8419037 -6.266524315 -35.65532303 -0.01460299633 0.4657856332 0.01344337914 0.8846749527
1621396978.209835052 -131.1752625 -6.230373383 -36.69706345 -0.01468024616 0.4458089882 0.01363059336 0.8949039297
1621396980.016872168 -130.588974 -6.202272415 -37.73430634 -0.01396562114 0.3667296718 0.01234986268 0.9301407367
1621396981.810915947 -130.16922 -6.180393696 -38.26793289 -0.01109952853 0.3033729914 0.01076943264 0.9527463712
1621396983.610789299 -129.6650085 -6.161036968 -38.73563004 -0.00733836232 0.2554928635 0.008886477494 0.9667422488
1621396985.407168865 -129.1313019 -6.14793396 -39.04995728 -0.006680543656 0.245253197 0.008059927628 0.9694025362
1621396987.411664963 -128.5904236 -6.129516602 -39.36231613 -0.006785990598 0.2415260092 0.008009834998 0.9703375597
1621396989.009843349 -127.8191071 -6.102460384 -39.86260986 -0.00508550353 0.2222836004 0.008416217588 0.9749324622
1621396990.807431459 -126.8380127 -6.062254906 -40.55081177 -0.003471615097 0.1065668769 0.008680058317 0.9942615879
1621396992.810963154 -125.9078979 -6.036654472 -40.90977859 0.0001208392638 -0.00649321892 0.006192255331 0.9999597389
1621396994.606500864 -125.2004929 -6.019339561 -41.05653 0.001790748553 -0.08502097027 0.005071337424 0.9963646468
1621396996.408520222 -124.3559418 -5.999566078 -41.10808945 0.001476490066 -0.1752576369 0.00349913931 0.9845152801
1621396998.210731745 -123.5907059 -5.978665352 -40.99335861 0.002648826299 -0.2580179054 0.002532282166 0.9661331853
1621397000.009931326 -123.0555801 -5.964409351 -40.82290268 0.005307605204 -0.3172956435 0.003512419569 0.9483053131
1621397001.808840752 -122.661293 -5.958447456 -40.56430054 0.005444279992 -0.3316985736 0.004523677831 0.9433588673
1621397003.809795380 -121.9269714 -5.943955898 -40.02244949 0.005886989228 -0.3441667677 0.003447305501 0.9388837497
1621397005.611141205 -121.2501831 -5.941788673 -39.42393494 0.006687439875 -0.336440727 0.0022040195 0.9416783196
1621397007.612692356 -120.8615341 -5.937215328 -39.15188599 0.006054889246 -0.3437984256 0.0004455699366 0.9390238455
1621397013.014729977 -120.3777313 -5.924370289 -38.68074036 0.004423073187 -0.3324478383 -0.0008012374695 0.9431109316
1621397014.814777851 -120.1377411 -5.921989918 -38.43476486 0.004218382036 -0.3097550757 -0.0007978136837 0.95080669
1621397016.611392498 -119.8767548 -5.922183037 -38.20265579 0.004901146178 -0.2951811329 -0.0001952683386 0.9554287202
1621397018.610624790 -119.3539124 -5.912809372 -37.84448242 0.008510878854 -0.2950173664 0.002301673895 0.9554512132
1621397020.209486961 -118.7106018 -5.912594318 -37.43467712 0.007585821609 -0.2999796294 0.003112546432 0.9539103676
1621397022.213491678 -117.968338 -5.89743948 -36.96603394 0.003821839492 -0.3063042815 0.002792363967 0.9519218893
1621397024.009531975 -117.1941223 -5.886449337 -36.42532349 0.004857596625 -0.3118624339 0.002182344789 0.9501123425
1621397025.813270092 -116.5181274 -5.883478642 -35.90346909 0.004154758448 -0.3029243701 0.001904232091 0.95300364
1621397028.011246920 -115.8132477 -5.868644714 -35.36147308 0.002412328495 -0.2787695873 0.002836110091 0.9603507975
1621397029.810082436 -114.8638306 -5.84484911 -34.78181458 0.001735313991 -0.2732123825 0.005498384836 0.9619364587
1621397031.809092283 -113.7217712 -5.813788414 -34.09304428 0.002851725539 -0.2766847622 0.008208986741 0.9609214445
1621397034.014074564 -112.9813232 -5.783183098 -33.4721756 0.000804674784 -0.2151595705 0.007556056135 0.9765493422
1621397036.212142467 -112.156662 -5.759118557 -32.89783859 -0.002318930219 -0.1040007453 0.00672261257 0.9945517955
1621397038.409917593 -110.9231873 -5.724855423 -32.43897629 -0.003562372788 0.04140854298 0.005475471596 0.9991209443
1621397040.411445379 -110.1098862 -5.705860615 -32.33979797 -0.005904683173 0.1323655826 0.00562038379 0.9911674422
1621397047.212225437 -111.5919342 -5.7423172 -30.84363174 -0.0116421801 0.3428316169 0.008397067856 0.9392871932
1621397049.816949129 -113.432518 -5.799088478 -28.28334045 -0.01082826255 0.4458150494 0.008219651121 0.8950218588
1621397052.208400249 -116.0908203 -5.886086941 -24.77075958 -0.01156105936 0.4454299166 0.00849982597 0.895201812
1621397054.409828901 -119.6016235 -6.027017117 -20.18054581 -0.01443739619 0.4416125923 0.01187770427 0.8970110368
1621397056.814039946 -124.2983017 -6.199654102 -14.08621311 -0.008796585771 0.436318577 0.007308190273 0.8997195728
1621397059.210156441 -129.4684143 -6.327075481 -7.567448616 -0.007902401812 0.4319258923 0.005254775372 0.9018591703
1621397061.812685251 -134.7968903 -6.519047737 -0.794986248 -0.008160664246 0.4339120881 0.008272125784 0.900880278
1621397064.414372921 -138.7083282 -6.662849903 4.923070908 -0.01069782015 0.4977255267 0.008050391545 0.867231254
1621397067.209011555 -139.2702484 -6.787083149 10.37293053 -0.00830857398 0.7676213573 0.01019645307 0.6407686414
1621397070.211547136 -136.9281006 -6.735326767 13.20806313 0.002763015673 0.9077324768 0.00723285567 0.4194780115
1621397072.413566828 -134.5600586 -6.721801758 15.2805624 0.007369877937 0.9408162433 0.005414581799 0.3387936886
1621397074.810785055 -131.174118 -6.645020008 16.6423912 0.01119157335 0.9898112949 0.006218037352 0.1418086218
1621397077.011403799 -127.9289932 -6.575671196 15.97964859 -0.01300953407 -0.9918336183 -0.003253413986 0.1268315456
1621397079.410872936 -124.7144394 -6.486879349 13.77909374 -0.01267392147 -0.9462383087 -0.0005847394665 0.3232214303
1621397081.611265659 -122.0347443 -6.408480644 11.19325352 -0.01343390688 -0.9274946921 -0.003404537219 0.3735793562
1621397084.012894630 -118.6519547 -6.297808647 9.879067421 -0.01973034008 -0.9926016003 -0.008161635965 0.119524744
1621397086.813010693 -115.0532913 -6.200446129 10.8071394 0.0145203488 0.9833463993 0.003692418723 0.1811225674
1621397089.810684204 -111.531929 -6.175330639 12.7691927 0.008764799896 0.9644537845 0.005054145034 0.2640578183
1621397093.008741140 -110.4629669 -6.118196487 13.43943691 0.009623278615 0.9604659545 0.003391672585 0.2782104227
1621397095.810314178 -109.6272964 -6.103373051 14.3623476 0.007792482438 0.9331448071 0.004702162626 0.3593854977
1621397098.612343311 -109.1856155 -6.048500538 15.0240593 0.004927800526 0.9070819378 0.006336292317 0.4208775669
1621397103.609795570 -109.028717 -6.4333148 15.16660023 0.003809859304 0.9143534109 0.009042280691 0.4047981745
1621397106.610509157 -107.63517 -6.267275333 15.70721149 0.0104562279 0.96958671 0.01248944179 0.244205432
1621397109.411484480 -105.2619019 -6.033162594 15.53920174 -0.01845994617 -0.9991291265 -0.008487440236 0.03644423649
1621397111.811101675 -103.2888489 -5.911311626 14.09656715 -0.01878381833 -0.9523621096 -0.00548594872 0.3043410665
1621397114.414092541 -101.0050888 -5.823698044 11.59098721 -0.01276218399 -0.9063054778 -0.001737565935 0.4224269031
1621397117.012412071 -98.44669342 -5.724370003 8.426486015 -0.01146206285 -0.9025009122 -0.0003194113273 0.4305352744
1621397119.412694454 -95.45985413 -5.633718967 4.827746391 -0.01002371815 -0.9033726439 -0.001728291445 0.4287358212
1621397121.609103203 -91.74604797 -5.512571335 0.2069573551 -0.01096223168 -0.9011951773 -0.0002115267859 0.4332747825
1621397123.813402653 -87.38767242 -5.388823032 -5.287691116 -0.01199159956 -0.8991547137 -0.002651682511 0.4374585362
1621397126.613200188 -81.74900055 -5.191518784 -12.63330078 -0.008465522317 -0.8963505374 0.002519146561 0.4432580547
1621397129.209400415 -76.82375336 -5.021775723 -19.12225533 -0.01055493403 -0.8947808861 -0.0001341630872 0.4463807133
1621397131.611604929 -72.49873352 -4.87195158 -24.92425346 -0.01177941969 -0.8928210797 -0.002390423376 0.4502510975
1621397134.014611244 -68.27240753 -4.735053539 -30.47219086 -0.01271551337 -0.8985752008 -0.003343825801 0.4386225519
1621397136.412178278 -64.89819336 -4.693657398 -34.72229004 -0.007279608854 -0.9025132502 -0.000693170639 0.4306
1621397138.610809803 -62.95898438 -4.58383131 -37.0526619 -0.01421751518 -0.9096140097 -0.002136139666 0.4152055546
1621397140.812257528 -61.08621979 -4.550578594 -38.40601349 -0.0135526259 -0.9573089625 0.0009714115124 0.2887471783
1621397143.011510849 -58.8114357 -4.493928432 -38.52233124 -0.01033697649 -0.9997581614 -0.000696894347 0.01939793744
1621397145.413001060 -56.9786644 -4.557279587 -37.60762405 0.01287944332 0.9805979035 0.005525965067 0.195528349
